A 0 52 1
A 1 59 1
A 10 86 1
A 11 92 1
A 12 39 1
A 13 44 1
A 14 57 1
A 15 55 1
A 16 95 1
A 17 15 1
A 18 9 1
A 19 5 1
A 2 20 1
A 20 99 1
A 21 51 1
A 22 83 1
A 23 46 1
A 24 75 1
A 25 27 1
A 26 73 1
A 27 22 1
A 28 78 1
A 29 21 1
A 3 69 1
A 30 53 1
A 31 72 1
A 32 61 1
A 33 14 1
A 34 0 1
A 35 8 1
A 36 6 1
A 37 23 1
A 38 58 1
A 39 74 1
A 4 63 1
A 40 16 1
A 41 26 1
A 42 80 1
A 43 48 1
A 44 50 1
A 45 2 1
A 46 81 1
A 47 56 1
A 48 45 1
A 49 37 1
A 5 91 1
A 50 70 1
A 51 90 1
A 52 62 1
A 53 33 1
A 54 79 1
A 55 3 1
A 56 11 1
A 57 76 1
A 58 29 1
A 59 68 1
A 6 38 1
A 60 54 1
A 61 7 1
A 62 71 1
A 63 97 1
A 64 64 1
A 65 25 1
A 66 94 1
A 67 13 1
A 68 65 1
A 69 49 1
A 7 10 1
A 70 89 1
A 71 85 1
A 72 88 1
A 73 93 1
A 74 34 1
A 75 43 1
A 76 66 1
A 77 77 1
A 78 87 1
A 79 30 1
A 8 40 1
A 80 42 1
A 81 41 1
A 82 96 1
A 83 17 1
A 84 36 1
A 85 1 1
A 86 4 1
A 87 19 1
A 88 24 1
A 89 32 1
A 9 82 1
A 90 98 1
A 91 28 1
A 92 67 1
A 93 31 1
A 94 18 1
A 95 12 1
A 96 47 1
A 97 84 1
A 98 35 1
A 99 60 1
B 0 34 1
B 1 85 1
B 10 7 1
B 11 56 1
B 12 95 1
B 13 67 1
B 14 33 1
B 15 17 1
B 16 40 1
B 17 83 1
B 18 94 1
B 19 87 1
B 2 45 1
B 20 2 1
B 21 29 1
B 22 27 1
B 23 37 1
B 24 88 1
B 25 65 1
B 26 41 1
B 27 25 1
B 28 91 1
B 29 58 1
B 3 55 1
B 30 79 1
B 31 93 1
B 32 89 1
B 33 53 1
B 34 74 1
B 35 98 1
B 36 84 1
B 37 49 1
B 38 6 1
B 39 12 1
B 4 86 1
B 40 8 1
B 41 81 1
B 42 80 1
B 43 75 1
B 44 13 1
B 45 48 1
B 46 23 1
B 47 96 1
B 48 43 1
B 49 69 1
B 5 19 1
B 50 44 1
B 51 21 1
B 52 0 1
B 53 30 1
B 54 60 1
B 55 15 1
B 56 47 1
B 57 14 1
B 58 38 1
B 59 1 1
B 6 36 1
B 60 99 1
B 61 32 1
B 62 52 1
B 63 4 1
B 64 64 1
B 65 68 1
B 66 76 1
B 67 92 1
B 68 59 1
B 69 3 1
B 7 61 1
B 70 50 1
B 71 62 1
B 72 31 1
B 73 26 1
B 74 39 1
B 75 24 1
B 76 57 1
B 77 77 1
B 78 28 1
B 79 54 1
B 8 35 1
B 80 42 1
B 81 46 1
B 82 9 1
B 83 22 1
B 84 97 1
B 85 71 1
B 86 10 1
B 87 78 1
B 88 72 1
B 89 70 1
B 9 18 1
B 90 51 1
B 91 5 1
B 92 11 1
B 93 73 1
B 94 66 1
B 95 16 1
B 96 82 1
B 97 63 1
B 98 90 1
B 99 20 1
